placement_order,box_id,x,y,z,width,height,depth,is_fragile
1,14,0.0,0,0.0,2.0,4.0,2.0,False
2,2,2.0,0,0.0,1.0,5.0,2.0,False
3,20,3.0,0,0.0,5.0,1.0,5.0,False
4,24,8.0,0,0.0,5.0,1.0,2.0,True
5,3,13.0,0,0.0,5.0,3.0,4.0,False
6,7,0.0,0,4.0,3.0,2.0,1.0,False
7,25,3.0,0,4.0,1.0,4.0,5.0,False
8,11,4.0,0,4.0,1.0,4.0,1.0,False
9,13,5.0,0,4.0,2.0,5.0,3.0,True
10,19,7.0,0,4.0,4.0,3.0,3.0,False
11,28,11.0,0,4.0,2.0,2.0,3.0,False
12,1,13.0,0,4.0,3.0,1.0,5.0,False
13,6,16.0,0,4.0,5.0,5.0,5.0,True
